class 1:

{
    "features": [386, 382, 356, 331, 320, 315, 307, 272, 244, 232, 237, 258, 212, 2, -267, -605, -850, -1001, -1109, -1090, -967, -746, -464, -152, 118, 318, 427, 473, 485, 447, 397, 339, 312, 314, 326, 335, 332, 324, 310, 312, 309, 309, 303, 297, 295, 295, 293, 286, 279, 283, 301, 308, 285, 252, 215, 194, 169, 111, -74, -388, -679, -892, -949, -972, -1001, -1006, -949, -847, -668, -432, -153, 72, 226, 326, 392, 461, 495, 513, 511, 496, 479, 453, 440, 427, 414, 399, 385, 385, 404, 432, 444, 437, 418, 392, 373, 363, 365, 372, 385, 388, 383, 371, 360, 353, 334, 303, 252, 200, 153, 151, 143, 48, -206, -548, -859, -1067, -1069, -957, -780, -597, -460, -357, -276, -224, -210, -350, -930, -1413, -1716, -1360, -662, -96, 243, 323, 241, 29, -167, -228, -136, 27, 146, 229, 269, 297, 307, 303, 305, 306, 307, 280, 231, 159, 85, 51, 43, 62, 63, 63, 69, 89, 123, 136, 127, 102, 95, 105, 131, 163, 168, 164, 150, 146, 152, 157, 156, 154, 143, 129]
}


class 2:
{
    "features": [26, 30, 24, 20, 15, 14, 12, 15, 12, 10, 8, 10, 7, 6, 4, 4, 2, 2,26,78,99,98,45,30,47,76, 3, 4, 6, 7, 9, 9, 11, 12, 12, 13, 14, 14, 14, 15, 16, 17, 19, 21, 23, 24, 25, 26, 27, 28, 29, 28, 27, 26, 25, 24, 24, 23, 22, 20, 18, 16, 15, 13, 12, 10, 9, 7, 5, 3, 2, 1, -1, -3, -4, -6, -8, -9, -10, -12, -14, -15, -17, -18, -19, -21, -22, -24, -25, -27, -28, -29, -30, -31, -33, -34, -36, -37, -38, -40, -41, -43, -44, -45, -47, -48, -50, -51, -53, -54, -55, -57, -58, -60, -61, -63, -64, -65, -67, -68, -70, -71, -73, -74, -76, -77, -79, -80, -82, -83, -85, -86, -88, -89, -91, -92, -94, -95, -97, -98, -100, -101, -103, -104, -106, -107, -109, -110, -112, -113, -115, -116, -118, -119, -121, -122, -124, -125, -127, -128, -130, -131, -133, -134, -136, -137, -139, -140, -142, -143, -145, -146, -148, -149, -151, -152, -154, -155]
}

class 3:

{
    "features":[8, 9, 10, 8, 7, 6, 8, 10, 9, 11, 10, 11, 12, 12, 12, 11, 11, 12, 11, 13, 14, 15, 16, 15, 14, 14, 13, 12, 11, 10, 8, 8, 7, 6, 7, 8, 8, 9, 10, 11, 11, 13, 14, 14, 15, 15, 15,12,23,54,7,8,1,2,8,3,5, 16, 15, 14, 13, 12, 12, 12, 13, 14, 15, 15, 16, 15, 15, 16, 16, 15, 14, 14, 14, 14, 13, 14, 15, 14, 15, 15, 15, 15, 14, 15, 14, 13, 14, 13, 14, 14, 14, 13, 12, 12, 13, 14, 14, 13, 14, 13, 14, 14, 13, 13, 14, 15, 14, 14, 14, 14, 15, 16, 16, 15, 16, 16, 16, 15, 14, 14, 15, 15, 15, 14, 13, 14, 14, 13, 12, 13, 13, 13, 12, 12, 13, 12, 12, 13, 13, 13, 14, 14, 14, 14, 15, 14, 14, 15, 14, 14, 14, 14, 14, 14, 13, 14, 13, 13, 13, 13, 14, 14, 14, 15, 15, 14, 13, 13, 14, 15, 14, 14, 13, 13]

}

class 4:

{
    "features":[17, 17, 18, 17, 17, 16, 16, 15, 14, 14, 14, 15, 14, 14, 14, 14, 13, 13, 14, 15, 15, 16, 15, 16, 17, 16, 16, 16, 16, 16, 17, 16, 17, 18, 18, 18, 18, 18, 19, 18, 18, 18, 19, 19, 18, 17, 18, 18, 18, 18, 17, 17, 17,14,13,10,11,15,17,19,28,15,17, 16, 16, 16, 16, 16, 15, 15, 15, 16, 15, 15, 15, 15, 15, 15, 14, 14, 14, 13, 14, 14, 13, 13, 14, 13, 12, 13, 12, 13, 12, 13, 14, 13, 14, 14, 14, 14, 15, 14, 14, 14, 14, 15, 15, 14, 15, 15, 14, 14, 15, 14, 14, 14, 13, 13, 13, 13, 13, 14, 13, 13, 14, 14, 14, 14, 14, 15, 14, 14, 15, 15, 14, 14, 15, 14, 14, 15, 14, 14, 15, 14, 15, 15, 15, 15, 14, 14, 14, 15, 15, 15, 14, 15, 14, 15, 15, 14, 14, 15, 15, 15, 14, 14, 15, 14, 14, 14, 15, 15, 15, 15, 14, 14, 14, 15]

}

class 5:

{
    "features":[9,2,5,87,19,15,23,13,17,18,12, 13, 12, 12, 13, 12, 13, 13, 12, 12, 13, 12, 12, 13, 14, 13, 14, 14, 13, 14, 14, 14, 14, 15, 14, 14, 15, 15, 14, 15, 14, 15, 15, 14, 14, 14, 14, 14, 15, 15, 14, 14, 14, 15, 14, 15, 15, 14, 15, 14, 14, 15, 14, 14, 15, 14, 14, 14, 14, 15, 14, 14, 14, 14, 13, 14, 13, 13, 14, 14, 14, 15, 14, 14, 15, 14, 14, 14, 14, 14, 14, 14, 15, 15, 14, 14, 15, 14, 14, 14, 14, 14, 15, 14, 15, 15, 14, 14, 14, 14, 14, 15, 15, 14, 14, 14, 14, 15, 14, 14, 15, 14, 14, 14, 14, 15, 14, 14, 14, 15, 15, 14, 14, 14, 15, 14, 14, 14, 14, 15, 14, 15, 14, 15, 14, 15, 14, 14, 14, 14, 15, 15, 15, 14, 15, 14, 14, 14, 15, 14, 15, 14, 14, 14, 14, 15, 15, 14, 14, 14, 14, 14, 14, 14, 15, 14, 14, 15]

}